$C:\PROJ1\CERT\022715.095108_ANGFIT.ARF.txt
$02/27/2015
$09:51:08
$MSC
$1
$2.000
$0.450
$0.050
 28.613 28.034 -48.676 24.515 25.218 0 0
 28.608 24.679 -48.667 24.617 22.273 0 0
 28.602 21.502 -48.658 24.708 19.455 0 0
 28.597 18.471 -48.649 24.787 16.745 0 0
 28.591 15.562 -48.639 24.854 14.127 0 0
 28.586 12.752 -48.630 24.911 11.584 0 0
 28.581 10.019 -48.621 24.956 9.102 0 0
 28.575 7.348 -48.612 24.991 6.667 0 0
 28.570 4.719 -48.602 25.015 4.265 0 0
 28.564 2.119 -48.593 25.027 1.885 0 0
 28.559 -0.468 -48.584 25.030 -0.486 0 0
 28.553 -3.057 -48.575 25.021 -2.860 0 0
 28.548 -5.662 -48.565 25.002 -5.248 0 0
 28.542 -8.299 -48.556 24.972 -7.664 0 0
 28.537 -10.984 -48.547 24.932 -10.119 0 0
 28.532 -13.732 -48.537 24.881 -12.626 0 0
 28.526 -16.564 -48.528 24.819 -15.199 0 0
 28.521 -19.500 -48.519 24.746 -17.852 0 0
 28.515 -22.563 -48.510 24.663 -20.601 0 0
 28.510 -25.781 -48.500 24.569 -23.463 0 0
 28.504 -29.186 -48.491 24.464 -26.454 0 0
 25.228 28.029 -48.668 21.616 25.197 0 0
 25.223 24.674 -48.658 21.713 22.252 0 0
 25.219 21.498 -48.649 21.799 19.435 0 0
 25.214 18.468 -48.640 21.874 16.726 0 0
 25.209 15.560 -48.630 21.939 14.108 0 0
 25.204 12.749 -48.621 21.993 11.566 0 0
 25.199 10.018 -48.612 22.036 9.084 0 0
 25.195 7.346 -48.603 22.069 6.650 0 0
 25.190 4.718 -48.593 22.092 4.249 0 0
 25.185 2.119 -48.584 22.105 1.869 0 0
 25.180 -0.468 -48.575 22.107 -0.501 0 0
 25.175 -3.056 -48.566 22.100 -2.875 0 0
 25.171 -5.661 -48.556 22.082 -5.263 0 0
 25.166 -8.298 -48.547 22.055 -7.678 0 0
 25.161 -10.982 -48.538 22.017 -10.133 0 0
 25.156 -13.730 -48.529 21.970 -12.639 0 0
 25.151 -16.561 -48.519 21.912 -15.212 0 0
 25.147 -19.497 -48.510 21.844 -17.865 0 0
 25.142 -22.559 -48.501 21.766 -20.614 0 0
 25.137 -25.777 -48.492 21.677 -23.475 0 0
 25.132 -29.180 -48.482 21.578 -26.466 0 0
 22.026 28.024 -48.659 18.849 25.178 0 0
 22.022 24.670 -48.649 18.940 22.233 0 0
 22.017 21.494 -48.640 19.020 19.416 0 0
 22.013 18.465 -48.631 19.090 16.708 0 0
 22.009 15.557 -48.622 19.150 14.091 0 0
 22.005 12.747 -48.612 19.201 11.549 0 0
 22.001 10.016 -48.603 19.241 9.068 0 0
 21.996 7.345 -48.594 19.272 6.634 0 0
 21.992 4.718 -48.585 19.294 4.233 0 0
 21.988 2.118 -48.575 19.306 1.854 0 0
 21.984 -0.468 -48.566 19.309 -0.516 0 0
 21.980 -3.056 -48.557 19.303 -2.889 0 0
 21.975 -5.660 -48.548 19.287 -5.277 0 0
 21.971 -8.296 -48.538 19.262 -7.692 0 0
 21.967 -10.980 -48.529 19.228 -10.146 0 0
 21.963 -13.727 -48.520 19.184 -12.652 0 0
 21.959 -16.558 -48.510 19.131 -15.225 0 0
 21.955 -19.493 -48.501 19.068 -17.877 0 0
 21.950 -22.555 -48.492 18.996 -20.626 0 0
 21.946 -25.772 -48.483 18.915 -23.486 0 0
 21.942 -29.175 -48.473 18.823 -26.477 0 0
 18.975 28.018 -48.650 16.193 25.160 0 0
 18.971 24.665 -48.641 16.276 22.216 0 0
 18.968 21.490 -48.631 16.350 19.400 0 0
 18.964 18.461 -48.622 16.414 16.692 0 0
 18.961 15.554 -48.613 16.469 14.075 0 0
 18.957 12.745 -48.603 16.515 11.534 0 0
 18.953 10.014 -48.594 16.553 9.053 0 0
 18.950 7.344 -48.585 16.582 6.619 0 0
 18.946 4.717 -48.576 16.602 4.219 0 0
 18.942 2.118 -48.566 16.613 1.840 0 0
 18.939 -0.468 -48.557 16.616 -0.530 0 0
 18.935 -3.055 -48.548 16.611 -2.902 0 0
 18.932 -5.659 -48.539 16.597 -5.290 0 0
 18.928 -8.295 -48.529 16.575 -7.704 0 0
 18.924 -10.977 -48.520 16.544 -10.158 0 0
 18.921 -13.725 -48.511 16.504 -12.664 0 0
 18.917 -16.555 -48.502 16.456 -15.236 0 0
 18.914 -19.489 -48.492 16.400 -17.889 0 0
 18.910 -22.551 -48.483 16.335 -20.637 0 0
 18.906 -25.767 -48.474 16.261 -23.497 0 0
 18.903 -29.170 -48.465 16.178 -26.487 0 0
 16.049 28.013 -48.641 13.630 25.144 0 0
 16.046 24.661 -48.632 13.704 22.200 0 0
 16.043 21.486 -48.622 13.771 19.384 0 0
 16.040 18.458 -48.613 13.828 16.677 0 0
 16.037 15.551 -48.604 13.878 14.061 0 0
 16.034 12.742 -48.595 13.920 11.520 0 0
 16.031 10.012 -48.585 13.954 9.039 0 0
 16.028 7.342 -48.576 13.980 6.606 0 0
 16.025 4.716 -48.567 13.998 4.206 0 0
 16.022 2.117 -48.558 14.009 1.828 0 0
 16.019 -0.468 -48.548 14.012 -0.542 0 0
 16.016 -3.055 -48.539 14.007 -2.914 0 0
 16.013 -5.658 -48.530 13.995 -5.301 0 0
 16.010 -8.293 -48.521 13.976 -7.715 0 0
 16.006 -10.975 -48.511 13.949 -10.169 0 0
 16.003 -13.722 -48.502 13.914 -12.675 0 0
 16.000 -16.552 -48.493 13.872 -15.246 0 0
 15.997 -19.486 -48.483 13.822 -17.899 0 0
 15.994 -22.547 -48.474 13.764 -20.646 0 0
 15.991 -25.762 -48.465 13.698 -23.506 0 0
 15.988 -29.164 -48.456 13.624 -26.497 0 0
 13.225 28.008 -48.632 11.143 25.129 0 0
 13.223 24.656 -48.623 11.208 22.186 0 0
 13.220 21.482 -48.614 11.267 19.371 0 0
 13.218 18.455 -48.604 11.318 16.663 0 0
 13.215 15.548 -48.595 11.361 14.048 0 0
 13.213 12.740 -48.586 11.398 11.507 0 0
 13.210 10.010 -48.576 11.428 9.027 0 0
 13.208 7.341 -48.567 11.451 6.594 0 0
 13.205 4.715 -48.558 11.467 4.195 0 0
 13.203 2.117 -48.549 11.477 1.816 0 0
 13.200 -0.468 -48.539 11.480 -0.553 0 0
 13.198 -3.054 -48.530 11.477 -2.925 0 0
 13.195 -5.657 -48.521 11.467 -5.312 0 0
 13.193 -8.292 -48.512 11.450 -7.725 0 0
 13.190 -10.973 -48.502 11.427 -10.179 0 0
 13.188 -13.720 -48.493 11.397 -12.684 0 0
 13.185 -16.549 -48.484 11.360 -15.256 0 0
 13.183 -19.482 -48.475 11.317 -17.907 0 0
 13.180 -22.543 -48.465 11.267 -20.655 0 0
 13.178 -25.758 -48.456 11.210 -23.514 0 0
 13.175 -29.159 -48.447 11.146 -26.504 0 0
 10.483 28.003 -48.623 8.717 25.116 0 0
 10.481 24.652 -48.614 8.773 22.173 0 0
 10.479 21.478 -48.605 8.823 19.358 0 0
 10.477 18.451 -48.595 8.867 16.652 0 0
 10.475 15.545 -48.586 8.904 14.036 0 0
 10.473 12.738 -48.577 8.936 11.496 0 0
 10.471 10.009 -48.568 8.962 9.016 0 0
 10.469 7.340 -48.558 8.981 6.583 0 0
 10.467 4.714 -48.549 8.996 4.184 0 0
 10.465 2.117 -48.540 9.004 1.806 0 0
 10.463 -0.468 -48.531 9.007 -0.562 0 0
 10.461 -3.054 -48.521 9.005 -2.934 0 0
 10.459 -5.656 -48.512 8.997 -5.321 0 0
 10.457 -8.290 -48.503 8.983 -7.734 0 0
 10.455 -10.971 -48.494 8.964 -10.187 0 0
 10.453 -13.717 -48.484 8.939 -12.692 0 0
 10.451 -16.546 -48.475 8.908 -15.263 0 0
 10.449 -19.479 -48.466 8.872 -17.915 0 0
 10.447 -22.539 -48.456 8.830 -20.662 0 0
 10.445 -25.753 -48.447 8.782 -23.521 0 0
 10.443 -29.154 -48.438 8.728 -26.511 0 0
 7.804 27.998 -48.614 6.339 25.105 0 0
 7.803 24.647 -48.605 6.385 22.162 0 0
 7.801 21.474 -48.596 6.426 19.347 0 0
 7.800 18.448 -48.586 6.462 16.641 0 0
 7.798 15.542 -48.577 6.493 14.026 0 0
 7.797 12.735 -48.568 6.520 11.486 0 0
 7.795 10.007 -48.559 6.541 9.007 0 0
 7.794 7.338 -48.549 6.557 6.574 0 0
 7.792 4.713 -48.540 6.569 4.175 0 0
 7.791 2.116 -48.531 6.577 1.798 0 0
 7.789 -0.468 -48.522 6.580 -0.571 0 0
 7.788 -3.053 -48.512 6.578 -2.942 0 0
 7.786 -5.655 -48.503 6.572 -5.328 0 0
 7.785 -8.289 -48.494 6.561 -7.741 0 0
 7.783 -10.969 -48.485 6.546 -10.194 0 0
 7.782 -13.715 -48.475 6.526 -12.699 0 0
 7.780 -16.543 -48.466 6.502 -15.270 0 0
 7.779 -19.475 -48.457 6.473 -17.921 0 0
 7.777 -22.534 -48.448 6.439 -20.668 0 0
 7.776 -25.748 -48.438 6.401 -23.527 0 0
 7.774 -29.148 -48.429 6.357 -26.516 0 0
 5.171 27.993 -48.605 3.995 25.094 0 0
 5.170 24.643 -48.596 4.031 22.152 0 0
 5.169 21.470 -48.587 4.063 19.338 0 0
 5.168 18.445 -48.578 4.092 16.632 0 0
 5.167 15.540 -48.568 4.116 14.017 0 0
 5.166 12.733 -48.559 4.136 11.477 0 0
 5.165 10.005 -48.550 4.153 8.998 0 0
 5.164 7.337 -48.541 4.166 6.566 0 0
 5.163 4.712 -48.531 4.176 4.168 0 0
 5.162 2.116 -48.522 4.182 1.790 0 0
 5.161 -0.467 -48.513 4.185 -0.578 0 0
 5.160 -3.053 -48.504 4.184 -2.949 0 0
 5.159 -5.654 -48.494 4.180 -5.335 0 0
 5.158 -8.287 -48.485 4.172 -7.748 0 0
 5.157 -10.967 -48.476 4.161 -10.200 0 0
 5.156 -13.712 -48.466 4.147 -12.704 0 0
 5.155 -16.540 -48.457 4.129 -15.275 0 0
 5.154 -19.472 -48.448 4.107 -17.926 0 0
 5.153 -22.530 -48.439 4.082 -20.672 0 0
 5.152 -25.743 -48.429 4.053 -23.531 0 0
 5.152 -29.143 -48.420 4.019 -26.520 0 0
 2.569 27.988 -48.597 1.672 25.085 0 0
 2.569 24.638 -48.587 1.699 22.144 0 0
 2.568 21.466 -48.578 1.722 19.329 0 0
 2.568 18.441 -48.569 1.742 16.624 0 0
 2.567 15.537 -48.559 1.759 14.009 0 0
 2.567 12.731 -48.550 1.774 11.470 0 0
 2.566 10.003 -48.541 1.786 8.991 0 0
 2.566 7.335 -48.532 1.796 6.559 0 0
 2.565 4.712 -48.522 1.803 4.161 0 0
 2.565 2.116 -48.513 1.808 1.784 0 0
 2.564 -0.467 -48.504 1.810 -0.583 0 0
 2.564 -3.052 -48.495 1.810 -2.954 0 0
 2.563 -5.653 -48.485 1.808 -5.340 0 0
 2.563 -8.286 -48.476 1.804 -7.752 0 0
 2.562 -10.965 -48.467 1.797 -10.204 0 0
 2.562 -13.710 -48.458 1.788 -12.709 0 0
 2.561 -16.537 -48.448 1.776 -15.279 0 0
 2.561 -19.468 -48.439 1.762 -17.929 0 0
 2.560 -22.526 -48.430 1.745 -20.675 0 0
 2.560 -25.739 -48.421 1.726 -23.534 0 0
 2.559 -29.138 -48.411 1.704 -26.522 0 0
 -0.018 27.983 -48.588 -0.640 25.078 0 0
 -0.018 24.634 -48.578 -0.624 22.136 0 0
 -0.018 21.462 -48.569 -0.611 19.322 0 0
 -0.018 18.438 -48.560 -0.599 16.617 0 0
 -0.018 15.534 -48.551 -0.588 14.003 0 0
 -0.018 12.728 -48.541 -0.579 11.464 0 0
 -0.018 10.001 -48.532 -0.572 8.986 0 0
 -0.018 7.334 -48.523 -0.566 6.554 0 0
 -0.018 4.711 -48.514 -0.561 4.156 0 0
 -0.018 2.115 -48.504 -0.558 1.780 0 0
 -0.018 -0.467 -48.495 -0.555 -0.588 0 0
 -0.018 -3.051 -48.486 -0.554 -2.958 0 0
 -0.018 -5.652 -48.477 -0.554 -5.344 0 0
 -0.018 -8.284 -48.467 -0.556 -7.756 0 0
 -0.018 -10.963 -48.458 -0.558 -10.207 0 0
 -0.018 -13.707 -48.449 -0.562 -12.711 0 0
 -0.018 -16.534 -48.439 -0.567 -15.281 0 0
 -0.018 -19.464 -48.430 -0.574 -17.931 0 0
 -0.018 -22.522 -48.421 -0.582 -20.677 0 0
 -0.018 -25.734 -48.412 -0.591 -23.535 0 0
 -0.018 -29.132 -48.402 -0.603 -26.523 0 0
 -2.603 27.978 -48.579 -2.955 25.071 0 0
 -2.603 24.629 -48.570 -2.950 22.130 0 0
 -2.602 21.459 -48.560 -2.946 19.316 0 0
 -2.602 18.434 -48.551 -2.942 16.611 0 0
 -2.602 15.531 -48.542 -2.938 13.997 0 0
 -2.601 12.726 -48.532 -2.936 11.459 0 0
 -2.601 9.999 -48.523 -2.933 8.981 0 0
 -2.600 7.333 -48.514 -2.931 6.550 0 0
 -2.600 4.710 -48.505 -2.928 4.152 0 0
 -2.599 2.115 -48.495 -2.926 1.776 0 0
 -2.599 -0.467 -48.486 -2.924 -0.591 0 0
 -2.598 -3.051 -48.477 -2.922 -2.961 0 0
 -2.598 -5.651 -48.468 -2.920 -5.346 0 0
 -2.597 -8.283 -48.458 -2.918 -7.758 0 0
 -2.597 -10.961 -48.449 -2.917 -10.209 0 0
 -2.596 -13.705 -48.440 -2.915 -12.713 0 0
 -2.596 -16.531 -48.431 -2.913 -15.283 0 0
 -2.595 -19.461 -48.421 -2.912 -17.932 0 0
 -2.595 -22.518 -48.412 -2.912 -20.678 0 0
 -2.594 -25.729 -48.403 -2.911 -23.535 0 0
 -2.594 -29.127 -48.394 -2.912 -26.523 0 0
 -5.203 27.972 -48.570 -5.285 25.065 0 0
 -5.202 24.625 -48.561 -5.290 22.124 0 0
 -5.201 21.455 -48.551 -5.295 19.311 0 0
 -5.200 18.431 -48.542 -5.300 16.607 0 0
 -5.199 15.528 -48.533 -5.303 13.993 0 0
 -5.198 12.724 -48.524 -5.306 11.455 0 0
 -5.197 9.998 -48.514 -5.309 8.977 0 0
 -5.196 7.331 -48.505 -5.310 6.547 0 0
 -5.195 4.709 -48.496 -5.310 4.150 0 0
 -5.194 2.114 -48.487 -5.310 1.774 0 0
 -5.193 -0.467 -48.477 -5.308 -0.593 0 0
 -5.192 -3.050 -48.468 -5.305 -2.963 0 0
 -5.191 -5.650 -48.459 -5.301 -5.348 0 0
 -5.190 -8.281 -48.450 -5.296 -7.759 0 0
 -5.189 -10.959 -48.440 -5.290 -10.210 0 0
 -5.188 -13.702 -48.431 -5.283 -12.714 0 0
 -5.187 -16.528 -48.422 -5.274 -15.283 0 0
 -5.186 -19.457 -48.412 -5.266 -17.932 0 0
 -5.185 -22.514 -48.403 -5.256 -20.677 0 0
 -5.184 -25.725 -48.394 -5.246 -23.535 0 0
 -5.183 -29.122 -48.385 -5.235 -26.522 0 0
 -7.832 27.967 -48.561 -7.641 25.060 0 0
 -7.830 24.620 -48.552 -7.657 22.120 0 0
 -7.829 21.451 -48.542 -7.671 19.307 0 0
 -7.827 18.428 -48.533 -7.684 16.603 0 0
 -7.826 15.525 -48.524 -7.695 13.990 0 0
 -7.824 12.721 -48.515 -7.704 11.452 0 0
 -7.823 9.996 -48.505 -7.711 8.975 0 0
 -7.821 7.330 -48.496 -7.716 6.545 0 0
 -7.820 4.708 -48.487 -7.719 4.148 0 0
 -7.818 2.114 -48.478 -7.720 1.772 0 0
 -7.817 -0.467 -48.468 -7.718 -0.594 0 0
 -7.815 -3.050 -48.459 -7.715 -2.964 0 0
 -7.814 -5.649 -48.450 -7.708 -5.348 0 0
 -7.812 -8.279 -48.441 -7.700 -7.759 0 0
 -7.811 -10.957 -48.431 -7.690 -10.210 0 0
 -7.809 -13.700 -48.422 -7.677 -12.713 0 0
 -7.808 -16.525 -48.413 -7.662 -15.282 0 0
 -7.806 -19.454 -48.404 -7.646 -17.931 0 0
 -7.805 -22.510 -48.394 -7.627 -20.676 0 0
 -7.803 -25.720 -48.385 -7.607 -23.533 0 0
 -7.802 -29.116 -48.376 -7.585 -26.520 0 0
 -10.505 27.962 -48.552 -10.037 25.057 0 0
 -10.503 24.616 -48.543 -10.064 22.117 0 0
 -10.501 21.447 -48.534 -10.088 19.305 0 0
 -10.499 18.424 -48.524 -10.109 16.601 0 0
 -10.497 15.523 -48.515 -10.127 13.988 0 0
 -10.495 12.719 -48.506 -10.142 11.451 0 0
 -10.493 9.994 -48.497 -10.154 8.974 0 0
 -10.491 7.329 -48.487 -10.163 6.544 0 0
 -10.489 4.707 -48.478 -10.168 4.147 0 0
 -10.487 2.114 -48.469 -10.170 1.772 0 0
 -10.485 -0.467 -48.460 -10.169 -0.594 0 0
 -10.483 -3.049 -48.450 -10.164 -2.963 0 0
 -10.481 -5.648 -48.441 -10.156 -5.347 0 0
 -10.479 -8.278 -48.432 -10.144 -7.758 0 0
 -10.477 -10.955 -48.422 -10.129 -10.208 0 0
 -10.475 -13.697 -48.413 -10.111 -12.711 0 0
 -10.473 -16.522 -48.404 -10.090 -15.280 0 0
 -10.471 -19.450 -48.395 -10.066 -17.928 0 0
 -10.469 -22.506 -48.385 -10.038 -20.673 0 0
 -10.467 -25.715 -48.376 -10.008 -23.530 0 0
 -10.465 -29.111 -48.367 -9.975 -26.516 0 0
 -13.239 27.957 -48.543 -12.487 25.054 0 0
 -13.237 24.611 -48.534 -12.524 22.115 0 0
 -13.234 21.443 -48.525 -12.557 19.303 0 0
 -13.232 18.421 -48.515 -12.586 16.599 0 0
 -13.229 15.520 -48.506 -12.612 13.987 0 0
 -13.227 12.717 -48.497 -12.633 11.450 0 0
 -13.224 9.992 -48.488 -12.650 8.974 0 0
 -13.222 7.327 -48.478 -12.662 6.544 0 0
 -13.219 4.706 -48.469 -12.670 4.148 0 0
 -13.216 2.113 -48.460 -12.673 1.773 0 0
 -13.214 -0.467 -48.451 -12.672 -0.593 0 0
 -13.211 -3.049 -48.441 -12.666 -2.961 0 0
 -13.209 -5.647 -48.432 -12.656 -5.345 0 0
 -13.206 -8.276 -48.423 -12.641 -7.756 0 0
 -13.204 -10.953 -48.414 -12.622 -10.206 0 0
 -13.201 -13.695 -48.404 -12.598 -12.708 0 0
 -13.199 -16.519 -48.395 -12.570 -15.276 0 0
 -13.196 -19.447 -48.386 -12.538 -17.925 0 0
 -13.194 -22.501 -48.377 -12.502 -20.669 0 0
 -13.191 -25.710 -48.367 -12.462 -23.526 0 0
 -13.189 -29.106 -48.358 -12.418 -26.512 0 0
 -16.053 27.952 -48.534 -15.005 25.052 0 0
 -16.050 24.607 -48.525 -15.052 22.113 0 0
 -16.047 21.439 -48.516 -15.095 19.302 0 0
 -16.044 18.418 -48.507 -15.132 16.599 0 0
 -16.041 15.517 -48.497 -15.164 13.988 0 0
 -16.038 12.714 -48.488 -15.191 11.451 0 0
 -16.035 9.990 -48.479 -15.213 8.975 0 0
 -16.032 7.326 -48.470 -15.229 6.546 0 0
 -16.029 4.705 -48.460 -15.239 4.150 0 0
 -16.026 2.113 -48.451 -15.244 1.775 0 0
 -16.023 -0.467 -48.442 -15.243 -0.590 0 0
 -16.020 -3.048 -48.433 -15.236 -2.959 0 0
 -16.017 -5.646 -48.423 -15.224 -5.342 0 0
 -16.013 -8.275 -48.414 -15.206 -7.752 0 0
 -16.010 -10.951 -48.405 -15.182 -10.202 0 0
 -16.007 -13.692 -48.395 -15.153 -12.704 0 0
 -16.004 -16.516 -48.386 -15.118 -15.272 0 0
 -16.001 -19.443 -48.377 -15.078 -17.920 0 0
 -15.998 -22.497 -48.368 -15.033 -20.664 0 0
 -15.995 -25.706 -48.358 -14.983 -23.521 0 0
 -15.992 -29.100 -48.349 -14.928 -26.507 0 0
 -18.967 27.947 -48.526 -17.607 25.052 0 0
 -18.964 24.602 -48.516 -17.665 22.114 0 0
 -18.960 21.435 -48.507 -17.716 19.303 0 0
 -18.956 18.414 -48.498 -17.762 16.600 0 0
 -18.953 15.514 -48.488 -17.801 13.989 0 0
 -18.949 12.712 -48.479 -17.833 11.453 0 0
 -18.945 9.988 -48.470 -17.859 8.977 0 0
 -18.942 7.325 -48.461 -17.879 6.548 0 0
 -18.938 4.705 -48.451 -17.892 4.153 0 0
 -18.935 2.112 -48.442 -17.897 1.779 0 0
 -18.931 -0.467 -48.433 -17.897 -0.586 0 0
 -18.927 -3.048 -48.424 -17.889 -2.954 0 0
 -18.924 -5.645 -48.414 -17.874 -5.338 0 0
 -18.920 -8.273 -48.405 -17.853 -7.748 0 0
 -18.917 -10.949 -48.396 -17.825 -10.197 0 0
 -18.913 -13.690 -48.387 -17.791 -12.699 0 0
 -18.909 -16.513 -48.377 -17.749 -15.267 0 0
 -18.906 -19.439 -48.368 -17.702 -17.915 0 0
 -18.902 -22.493 -48.359 -17.648 -20.658 0 0
 -18.898 -25.701 -48.350 -17.588 -23.515 0 0
 -18.895 -29.095 -48.340 -17.522 -26.501 0 0
 -22.004 27.942 -48.517 -20.312 25.053 0 0
 -22.000 24.598 -48.507 -20.379 22.115 0 0
 -21.996 21.431 -48.498 -20.439 19.305 0 0
 -21.991 18.411 -48.489 -20.493 16.603 0 0
 -21.987 15.511 -48.480 -20.538 13.992 0 0
 -21.983 12.710 -48.470 -20.576 11.456 0 0
 -21.979 9.987 -48.461 -20.607 8.981 0 0
 -21.975 7.323 -48.452 -20.630 6.553 0 0
 -21.970 4.704 -48.443 -20.645 4.158 0 0
 -21.966 2.112 -48.433 -20.652 1.784 0 0
 -21.962 -0.467 -48.424 -20.651 -0.581 0 0
 -21.958 -3.047 -48.415 -20.642 -2.949 0 0
 -21.954 -5.644 -48.406 -20.625 -5.332 0 0
 -21.949 -8.272 -48.396 -20.601 -7.742 0 0
 -21.945 -10.947 -48.387 -20.569 -10.191 0 0
 -21.941 -13.687 -48.378 -20.529 -12.692 0 0
 -21.937 -16.510 -48.368 -20.481 -15.260 0 0
 -21.933 -19.436 -48.359 -20.426 -17.908 0 0
 -21.928 -22.489 -48.350 -20.364 -20.651 0 0
 -21.924 -25.696 -48.341 -20.294 -23.508 0 0
 -21.920 -29.089 -48.331 -20.218 -26.494 0 0
 -25.190 27.937 -48.508 -23.139 25.055 0 0
 -25.185 24.593 -48.498 -23.216 22.118 0 0
 -25.180 21.427 -48.489 -23.284 19.309 0 0
 -25.176 18.407 -48.480 -23.345 16.607 0 0
 -25.171 15.508 -48.471 -23.397 13.997 0 0
 -25.166 12.707 -48.461 -23.440 11.461 0 0
 -25.161 9.985 -48.452 -23.475 8.987 0 0
 -25.156 7.322 -48.443 -23.501 6.558 0 0
 -25.152 4.703 -48.434 -23.518 4.164 0 0
 -25.147 2.112 -48.424 -23.526 1.790 0 0
 -25.142 -0.467 -48.415 -23.525 -0.575 0 0
 -25.137 -3.046 -48.406 -23.515 -2.942 0 0
 -25.132 -5.643 -48.397 -23.496 -5.325 0 0
 -25.128 -8.270 -48.387 -23.468 -7.734 0 0
 -25.123 -10.945 -48.378 -23.432 -10.183 0 0
 -25.118 -13.685 -48.369 -23.387 -12.685 0 0
 -25.113 -16.507 -48.360 -23.333 -15.252 0 0
 -25.108 -19.432 -48.350 -23.271 -17.900 0 0
 -25.104 -22.485 -48.341 -23.200 -20.643 0 0
 -25.099 -25.692 -48.332 -23.122 -23.499 0 0
 -25.094 -29.084 -48.323 -23.035 -26.486 0 0
 -28.556 27.932 -48.499 -26.113 25.060 0 0
 -28.551 24.589 -48.490 -26.198 22.123 0 0
 -28.545 21.423 -48.480 -26.274 19.314 0 0
 -28.540 18.404 -48.471 -26.341 16.613 0 0
 -28.535 15.506 -48.462 -26.398 14.003 0 0
 -28.529 12.705 -48.453 -26.446 11.468 0 0
 -28.524 9.983 -48.443 -26.485 8.994 0 0
 -28.518 7.321 -48.434 -26.513 6.566 0 0
 -28.513 4.702 -48.425 -26.532 4.171 0 0
 -28.507 2.111 -48.416 -26.541 1.798 0 0
 -28.502 -0.466 -48.406 -26.540 -0.566 0 0
 -28.496 -3.046 -48.397 -26.529 -2.933 0 0
 -28.491 -5.642 -48.388 -26.508 -5.316 0 0
 -28.485 -8.269 -48.378 -26.477 -7.725 0 0
 -28.480 -10.943 -48.369 -26.437 -10.174 0 0
 -28.475 -13.682 -48.360 -26.386 -12.675 0 0
 -28.469 -16.504 -48.351 -26.327 -15.243 0 0
 -28.464 -19.429 -48.341 -26.258 -17.890 0 0
 -28.458 -22.481 -48.332 -26.179 -20.634 0 0
 -28.453 -25.687 -48.323 -26.092 -23.490 0 0
 -28.447 -29.079 -48.314 -25.996 -26.477 0 0
